A	R	N	D	C	Q	E	G	H	I	L	K	M	F	P	S	T	W	Y	V
-0.04417014462690758	-0.12320323731411256	-0.25374371505205373	-0.34243150020752233	0.1090506734926659	-0.14865628095745992	-0.22760209636098816	-0.264641538928406	-0.10090715271403297	0.3970265295362758	0.33217154848375896	-0.147638648681106	0.21458561037057108	0.25650607527987973	-0.15473216755527122	-0.17873537584849553	-0.011852869648969025	0.17131780210726827	0.17443748101921813	0.3432190076056863
0.038571083564733565	-0.23786842012699	-0.07349066667368022	0.06253539393040418	0.035723502074223396	-0.17222749437495571	-0.08507226972764353	0.14984994969910828	-0.1772807944226113	0.15367562879310986	0.05304843141274987	-0.2021816046028844	-0.05930107323330423	-0.09689877057223466	0.8196456483644675	-0.03241233830222494	-0.0011879672205595444	-0.15172692438456878	-0.19083820238225224	0.16743688818511368
0.17212514352978134	0.14635141657263612	-0.024096696457675086	-0.057779087842578125	0.007811998864047723	0.1420617078616153	0.09292524618469761	-0.10098070810954121	-0.1356383305433407	0.27075259851203903	0.10423541142331645	0.17187419776659005	0.08260028149600414	-0.39601234799043117	-0.23535535458243656	0.11378931735629369	0.21927561310882224	-0.4592006655735654	-0.42907640024594795	0.31433665866967164
0.2346064621621933	-0.4699603708888229	0.06416947578515338	0.30526775397961775	0.21771030663090812	-0.14160448478936613	0.06438901111262316	0.39544989644221606	-0.08759777169334636	-0.01818147070344944	0.04666782907925206	-0.43705929175966984	0.05836031259741432	0.03569332547743837	-0.41084102020495705	0.12402719167148267	0.04801055414272627	-0.022669842683464576	-0.05762219253620886	0.05118432617825839
0.4120519358596533	0.19035937332063718	-0.12482453222434173	-0.5157587558168206	0.180154511407431	-0.0959774531680876	-0.4281350905210286	0.41793492676578714	-0.02393153511743487	-0.20501982835514868	-0.11994791566876385	0.11769991117196511	0.014544798992984602	0.001363835092322907	0.008089143060899168	0.1909341763936919	0.03263133027333072	-0.015510634077569446	0.021627468481029186	-0.05828566587054021
-0.1583369960569163	0.10689225504131815	0.0929423069691727	0.057429665911291096	0.029063276454695693	0.01997207810835828	-0.06863261089467984	0.34154995306586383	-0.015861678538847214	-0.015323948780062553	0.5241449771279137	0.16570481390347913	0.29791890249713404	0.03939944772583055	-0.030347847274387236	-0.27809379376985627	-0.4646069122060583	-0.21461986725934537	-0.17162017566803267	-0.25757384635687164
0.4107315366812042	-0.0898855725209652	-0.35076175255027764	-0.0577161372447724	0.2772649874281981	0.2256132585609858	0.3832966456554752	-0.3498859434598684	-0.16529602025302387	-0.2783039064584313	0.05982734855586737	-0.057970971887007436	0.28678946982682973	-0.04642140637969782	0.13183129412984368	-0.01105366349366263	-0.1776915849104696	0.052545710559688374	-0.015905397611071376	-0.22700789462884632
-0.29527967472082645	0.07287135989685582	0.2204145162073981	0.08541306194500692	0.803113722867829	-0.14760228567850528	-0.21974053056100878	-0.2646647062510198	0.04702259235624745	-0.1346536502305355	0.0065499258330384835	0.02192012473569694	-0.048183636978290735	-0.07419126376680636	0.018578976208812943	0.007878826050691606	0.13600506894848713	-0.06432668111276818	-0.0937372054372112	-0.07738854031309286
0.005685708863347665	-0.1397947145747083	0.2021208256309019	-0.022887048052418653	-0.3262761351346109	-0.04426355143895568	-0.25227326589719135	-0.25887474187680837	0.014702339883504414	-0.19810402490087078	0.32863457180763705	-0.1106924427146161	0.3183900103252094	0.13248278016907006	0.07814976316126865	0.34724056324773744	0.420560668313559	-0.12668783359873137	-0.053714562392614455	-0.3143989108207083
-0.5160443858060487	-0.1055963685395291	-0.265038011193559	-0.333471709613434	0.10043720270692691	0.2487607412974345	0.324692961891171	0.35262130786467194	-0.03372675438102582	-0.07785451814030227	-0.05339350208307175	-0.06949704416144604	0.1421606808438274	0.06694351960037015	0.022454738919500693	-0.06516361925412034	0.42116522324892264	-0.10844058211053911	0.022456424820318892	-0.07346630591006709
-0.11143409166375884	0.1991516193335539	-0.11398959125417207	0.1482018088379899	-0.04932894931097997	-0.09731812748908374	-0.05325931511209066	0.11351367391476253	-0.45836989549709983	0.04373928431557165	0.12305505860507855	0.05210702453560344	0.04379719725049823	-0.29784363632235183	-0.04164362380463581	0.043889305037458186	0.1733705039590655	0.6704247371615347	-0.25038411950028966	-0.13767886299665374
0.0149306066602786	0.23860943291455047	-0.25206621009873836	0.33061176542953014	-0.0005154812730716243	-0.24283262915354498	0.023946958954076995	0.001851524908943136	-0.4993387391297898	-0.08541820371907193	-0.07672408505593332	0.2150694513321998	-0.07551661268293094	0.5123586731490345	-0.043332654925774754	-0.0019577609319388536	0.135615083114336	-0.31808523226227475	0.10869812343736206	0.014095989332756194
-0.039821734076747856	-0.011952869211525302	0.13995865801859908	0.12075842876139806	-0.026597984854570073	0.2989991571726714	-0.28675338450339044	-0.014937428562002834	-0.07915823453561757	0.03487715580426402	-0.5488905598721744	-0.04652331483609497	0.5429402585543173	0.22256667751699308	0.019324341895001332	-0.16311046663694614	-0.07073512813226018	0.07427213600369018	-0.2889420723334645	0.1237263638278634
0.06643565196941476	0.1732662627114483	-0.37282362015342435	0.3380042819600462	-0.076763362826783	-0.13109514888666715	-0.19693560821438894	0.04287226804381442	0.35994004693717846	-0.29115948341944015	0.056136124856717116	-0.08796329910157633	0.22064569761819647	-0.3017980589642382	0.004035356540395985	-0.3817205586385688	0.2610470964679473	-0.04913165142197619	0.18293412262756475	0.18407388189433288
0.1725660963338993	-0.04958440105368359	0.17817082999260198	-0.14238997039900664	-0.04330294376401687	0.0021716588477146454	0.1262180888288836	-0.025684648317246782	0.09472581991460079	-0.3775283957841419	0.19130829977723154	0.05565329679902016	-0.2721537479043264	0.3410692428878585	-0.00680033219139535	-0.38751978882152094	0.19647691718884228	0.18088864450960587	-0.4823086873295137	0.24802402048459202
0.07595365701430433	0.026809093372678432	0.4929884082962456	-0.12526731988739015	-0.03256423694350823	0.1674788416391372	0.004100917971266278	0.009171591160604252	-0.48643895519145774	-0.20359883476223073	0.049139300683883426	-0.1036751122614172	0.03500253608343209	-0.24075633382940984	0.01862980395292607	-0.3125348086356704	0.08053502576377515	-0.08435342565033144	0.4654530129785512	0.16392683824461618
-0.08071761465600609	-0.5827981402215509	-0.15400418019618622	0.1369749815133387	0.014543986864815076	0.2683068923550805	-0.2617996702961791	0.0074225597430412245	-0.07412431587827853	-0.1720618382709213	0.0854113529773605	0.5985819827878611	-0.08932084784648195	-0.0852370841515193	-0.016260154323607487	0.09208456295749777	-0.028359239784712914	0.06272895095846177	0.10526488016200365	0.17336293530598826
-0.27184565283005474	0.09565077185335817	0.035549059994671096	-0.08235434379606278	-0.0722431220351902	-0.2808094849717252	0.1917381769659271	-0.004180304959297387	-0.02058518744726101	-0.43210625283434734	0.015847842806102214	-0.030220116188610868	0.24736876145663741	-0.04500786489551149	0.008591706397296617	0.4177080096987174	-0.30675236836531267	0.04600603052143829	-0.027161228135883602	0.5148055667651091
-0.10103781251651259	0.25587625411333714	-0.18357772557443242	0.1379694465198254	0.016171999269120857	0.5982848558682434	-0.2832450349709189	-0.0037845804141200473	-0.06186496948636146	-0.12828143334310937	0.21953306087850852	-0.41544830278909073	-0.31549447225594773	0.10022841045550679	-0.0007977952311954001	0.21170478238973564	-0.12897924640488068	-0.027822283161045777	-0.028784380067277515	0.1393492267206222
0.22360679774997944	0.22360679774997966	0.2236067977499786	0.22360679774997916	0.22360679774997927	0.223606797749977	0.22360679774997932	0.22360679774997907	0.2236067977499802	0.22360679774997896	0.22360679774997907	0.22360679774997935	0.22360679774997924	0.22360679774997905	0.22360679774997902	0.2236067977499781	0.2236067977499795	0.223606797749979	0.22360679774997902	0.22360679774997877
